400002
400007
400016
400022
400026
400057
400061
400062
400068
400080
400086
400090
400098
400100
400103
400126
400129
400130
400143
400147
400153
400157
400158
400163
400166
400173
400186
400196
400210
400216
400219
400254
400255
400278
400280
400286
400290
400292
400298
400305
400308
400311
400313
400317
400319
400326
400327
400328
400331
400332
400333
400334
400337
400352
400355
400356
400375
400379
400383
400411
400412
400430
400436
400441
400445
400452
400462
400471
400494
400495
400501
400502
400507
400522
400532
400555
400562
400563
400574
400576
400592
400596
400597
400602
400628
400631
400637
400664
400665
400673
400674
400675
400678
400680
400683
400686
400687
400723
400729
400733
400737
400746
400751
400766
400771
400773
400779
400780
400783
400785
400787
400791
400792
400793
400801
400808
400819
400829
400844
400849
400860
400861
400870
400872
400883
400886
400889
400891
400893
400897
400898
400899
400901
400906
400914
400924
400943
400947
400952
400976
400994
400995
400996
401002
401005
401006
401008
401015
401020
401029
401031
401033
401040
401049
401058
401075
401076
401078
401081
401083
401086
401087
401089
401090
401094
401095
401098
401100
401102
401103
401105
401110
401111
401115
401117
401120
401121
401122
401124
401125
401127
401129
401131
401132
401135
401141
401143
401148
401154
401168
401179
401181
401185
401186
401189
401190
401193
401194
401197
401201
401216
401219
401220
401222
401226
401227
401243
401244
401247
401250
401252
401254
401265
401266
401275
401276
401279
401282
401285
401287
401293
401296
401297
401311
401312
401313
401315
401320
401323
401327
401328
401330
401331
401334
401336
401339
401343
401344
401348
401351
401352
401353
401354
401358
401362
401368
401369
401371
401372
401373
401375
401377
401379
401381
401386
401407
401410
401412
401429
401432
401438
401442
401444
401447
401454
401457
401458
401459
401460
401463
401465
401490
401513
401517
401518
401531
401536
401550
401552
401555
401558
401575
401582
401605
401611
401645
401646
401654
401691
401711
401716
401728
401731
401766
401768
401769
401772
401774
401777
401784
401789
401790
401798
401819
401821
401829
401830
401832
401841
401848
401852
401859
401861
401865
401876
401883
401907
401910
401946
401951
401962
401969
401970
401972
401976
401986
401987
401995
401999
402000
402004
402005
402007
402008
402015
402018
402027
402033
402034
402035
402036
402039
402042
402044
402046
402050
402051
402060
402061
402062
402065
402066
402067
402068
402070
402071
402072
402073
402075
402076
402078
402081
402083
402085
402088
402089
402095
402098
402099
402102
402103
402105
402106
402108
402110
402112
402117
402120
402122
402123
402125
402126
402129
402131
402133
402136
402137
402139
402140
402141
402142
402143
402144
402147
402150
402151
402153
402154
402160
402162
402163
402167
402169
402171
402172
402173
402174
402176
402178
402182
402185
402188
402190
402191
402193
402194
402195
402196
402199
402200
402203
402204
402215
402224
402225
402230
402232
402235
402236
402237
402238
402250
402252
402253
402262
402263
402264
402316
402320
402327
402332
402337
402343
402348
402350
402354
402356
402360
402367
402370
402371
402372
402376
402381
402395
402410
402412
402426
402441
402442
402443
402453
402459
402460
402469
402481
402486
402512
402557
402564
402565
402578
402579
402588
402589
402594
402599
402605
402607
402620
402622
402623
402628
402631
402632
402634
402635
402642
402643
402644
402645
402648
402658
402659
402672
402675
402691
402692
402693
402696
402700
402703
402704
402705
402708
402716
402719
402723
402724
402727
402729
402730
402735
402737
402738
402741
402743
402744
402749
402750
402753
402754
402759
402765
402767
402775
402777
402779
402785
402786
402787
402792
402793
402809
402811
402812
402817
402819
402820
402832
402837
402839
402841
402843
402844
402845
402847
402853
402855
402856
402860
402862
402863
402864
402867
402869
402874
402875
402881
402886
402891
402892
402894
402899
402901
402904
402906
402907
402909
402910
402912
402917
402920
402921
402923
402926
402928
402930
402939
402943
402945
402946
402949
402950
402951
402955
402960
402964
402971
402974
402975
402979
402983
402989
402990
402995
403007
403026
403035
403039
403040
403045
403055
403065
403066
403092
403097
403100
403101
403102
403104
403106
403107
403111
403114
403118
403119
403121
403122
403124
403125
403128
403129
403130
403134
403135
403136
403140
403141
403142
403144
403145
403150
403155
403156
403159
403166
403172
403173
403174
403175
403178
403181
403183
403187
403189
403191
403192
403193
403194
403196
403197
403201
403202
403203
403210
403212
403216
403217
403218
403219
403220
403223
403225
403228
403230
403233
403235
403236
403237
403241
403244
403246
403250
403251
403256
403265
403266
403268
403269
403284
403295
403299
403300
403323
403325
403326
403327
403330
403331
403338
403340
403341
403344
403353
403355
403356
403367
403374
403375
403377
403391
403392
403398
403400
403403
403405
403408
403410
403411
403412
403418
403419
403421
403424
403436
403453
403456
403457
403461
403462
403463
403464
403481
403482
403495
403498
403500
403502
403503
403504
403507
403509
403511
403512
403513
403515
403521
403529
403532
403533
403534
403535
403536
403538
403541
403543
403544
403547
403550
403555
403558
403560
403564
403570
403574
403575
403576
403580
403581
403583
403585
403586
403587
403589
403590
403594
403595
403598
403599
403601
403607
403609
403611
403613
403614
403615
403617
403624
403626
403634
403642
403645
403647
403650
403651
403652
403656
403659
403661
403664
403665
403677
403679
403684
403692
403708
403711
403714
403721
403730
403733
403737
403740
403746
403756
403757
403762
403765
403768
403780
403782
403783
403787
403789
403791
403793
403794
403801
403806
403809
403812
403814
403818
403827
403828
403836
403847
403851
403856
403878
403883
403886
403899
403902
403906
403910
403917
403930
403931
403932
403933
403937
403941
403945
403948
403954
403958
403959
403960
403962
403965
403966
403968
403969
403970
403974
403980
403981
403982
403985
403986
403987
403992
403993
403994
403995
404004
404005
404006
404009
404010
404015
404016
404017
404018
404019
404026
404029
404032
404033
404036
404038
404039
404040
404041
404042
404044
404049
404051
404053
404054
404057
404058
404062
404063
404065
404066
404069
404070
404072
404077
404080
404081
404083
404087
404088
404090
404091
404095
404098
404104
404106
404108
404110
404122
404127
404129
404130
404132
404134
404138
404140
404145
404147
404149
404151
404155
404158
404167
404170
404172
404176
404179
404182
404183
404187
404191
404194
404195
404196
404199
404200
404201
404203
404208
404210
404211
404218
404219
404222
404227
404229
404232
404233
404234
404236
404237
404239
404240
404241
404243
404244
404245
404248
404251
404253
404255
404256
404257
404258
404259
404261
404262
404263
404267
404268
404271
404273
404277
404280
404284
404288
404289
404291
404292
404294
404295
404300
404301
404302
404304
404305
404306
404308
404309
404310
404314
404317
404318
404319
404320
404322
404323
404324
404327
404328
404331
404332
404334
404337
404339
404340
404342
404344
404345
404348
404349
404350
404351
404353
404354
404359
404363
404366
404368
404372
404373
404374
404376
404378
404385
404389
404390
404393
404394
404395
404396
404397
404400
404403
404406
404407
404408
404411
404413
404414
404415
404417
404419
404420
404421
404426
404427
404429
404430
404436
404439
404440
404441
404442
404443
404444
404447
404449
404451
404453
404460
404463
404468
404469
404471
404476
404484
404485
404488
404489
404491
404494
404497
404498
404500
404502
404503
404506
404508
404510
404512
404513
404514
404515
404516
404520
404523
404524
404525
404526
404527
404529
404532
404535
404541
404544
404545
404546
404547
404548
404549
404550
404553
404556
404557
404560
404561
404562
404563
404564
404565
404566
404567
404569
404572
404575
404576
404577
404578
404579
404580
404581
404586
404594
404596
404598
404601
404605
404611
404612
404613
404615
404616
404617
404618
404619
404620
404621
404625
404626
404628
404630
404631
404633
404634
404635
404636
404637
404638
404640
404642
404646
404647
404648
404649
404650
404652
404653
404656
404659
404660
404661
404662
404663
404664
404666
404669
404671
404675
404677
404680
404682
404687
404688
404689
404690
404691
404693
404694
404703
404706
404707
404708
404709
404712
404713
404716
404717
404725
404727
404728
404731
404732
404733
404734
404735
404736
404739
404741
404742
404745
404746
404748
404749
404753
404754
404755
404760
404761
404765
404769
404773
404778
404780
404781
404784
404785
404786
404788
404790
404795
404796
404798
404799
404802
404804
404805
404806
404810
404813
404814
404816
404819
404825
404827
404848
404856
404895
404907
404911
404948
404951
404960
404967
404970
404979
404988
404990
404997
405000
405001
405002
405008
405018
405019
405023
405028
405031
405035
405036
405045
405053
405056
405057
405065
405069
405072
405078
405089
405091
405095
405105
405106
405107
405108
405109
405110
405111
405114
405117
405123
405125
405126
405127
405130
405132
405138
405140
405146
405152
405157
405158
405163
405205
405212
405217
405218
405219
405232
405236
405250
405252
405259
405264
405266
405267
405268
405270
405272
405273
405275
405276
405277
405282
405283
405286
405287
405288
405290
405291
405293
405295
405304
405306
405311
405314
405317
405318
405320
405331
405333
405335
405337
405349
405356
405357
405358
405359
405360
405361
405363
405364
405366
405367
405368
405369
405374
405376
405377
405380
405381
405385
405387
405391
405392
405399
405401
405402
405403
405412
405415
405434
405435
405439
405440
405441
405442
405443
405466
405478
405489
405490
405496
405497
405499
405500
405504
405509
405513
405516
405517
405523
405532
405538
405540
405543
405552
405559
405564
405567
405569
405613
405638
405652
405654
405658
405659
405660
405662
405664
405668
405673
405674
405675
405676
405681
405688
405692
405695
405697
405699
405701
405703
405704
405707
405711
405712
405713
405722
405729
405730
405732
405736
405739
405740
405741
405744
405746
405750
405752
405754
405755
405757
405776
405781
405782
405783
405784
405791
405794
405799
405802
405804
405811
405846
405901
405916
405933
405938
405939
405948
405952
405954
405958
405974
405975
405987
405997
405998
500078
500389
500468
500531
500619
500622
500630
500638
500640
500655
500665
500674
500719
500850
500901
500902
500999
501209
501263
501267
501271
501272
501273
501278
501279
501281
501286
501287
501288
501289
501290
501291
501292
501293
501294
501295
501313
501318
501319
501321
501325
501326
501330
501332
501335
501338
501353
501354
501365
501380
501404
501406
501412
501416
501440
501441
501443
501445
501447
501455
501483
501484
501485
501486
501488
501493
501499
501500
501501
501503
501507
501508
501510
501511
501512
501515
501520
501522
501526
501528
501529
501530
501531
501535
501536
501541
501544
501546
501547
501549
501550
501551
501553
501554
501555
501558
501560
501561
501562
501564
501565
501566
501567
501568
501569
501570
501574
501575
501576
501577
501581
501582
501584
501585
501589
501590
501591
501592
501593
501599
501601
501602
501603
501604
501605
501606
501607
501609
501610
501612
501613
501614
501617
501619
501620
501621
501622
501623
501627
501628
501629
501633
501634
501635
501636
501637
501638
501639
501644
501646
501650
501654
501659
501660
501662
501667
501669
501670
501672
501673
501674
501675
501677
501679
501681
501683
501684
501688
501689
501693
501694
501697
501701
501704
501707
501708
501710
501713
501714
501715
501717
501721
501722
501727
501729
501739
501753
501806
501811
501814
501816
501818
501826
501829
501832
501836
501837
501838
501839
501841
501842
501843
501844
501845
501847
501849
501851
501853
501857
501858
501859
501863
501868
501875
501879
501886
501888
501890
501895
501899
501900
501901
501902
501903
501904
501905
501906
501907
501909
501914
501915
501918
501919
501921
501922
501923
501925
501926
501927
501928
501932
501934
501935
501939
501941
501942
501944
501950
501951
501954
501956
501967
501971
501974
501975
501976
501978
501979
501983
501984
501986
501989
501990
501991
501992
501993
501994
501999
502013
502019
502022
502026
502027
502028
502029
502030
502032
502034
502037
502039
502041
502043
502044
502047
502051
502052
502054
502055
502056
502058
502059
502062
502063
502064
502065
502066
502068
502069
502070
502071
502073
502074
502079
502080
502081
502082
502083
502084
502085
502087
502089
502092
502093
502094
502095
502096
502097
502098
502099
502100
502101
502103
502105
502106
502108
502116
502119
502121
502122
502126
502127
502129
502131
502132
502133
502134
502136
502137
502138
502139
502140
502141
502142
502143
502144
502146
502148
502149
502150
502151
502153
502154
502155
502158
502161
502165
502167
502169
502170
502172
502173
502174
502175
502176
502177
502181
502182
502184
502185
502186
502187
502188
502189
502192
502193
502195
502198
502199
502200
502201
502202
502203
502204
502205
502207
502208
502209
502210
502214
502215
502216
502218
502219
502220
502221
502222
502224
502225
502227
502228
502229
502230
502232
502235
502238
502239
502240
502245
502246
502247
502248
502250
502251
502252
502253
502256
502258
502259
502260
502261
502262
502263
502265
502266
502267
502268
502270
502271
502274
502275
502276
502284
502286
502287
502289
502292
502293
502294
502296
502297
502298
502299
502303
502304
502305
502306
502308
502311
502312
502313
502314
502315
502316
502318
502321
502323
502324
502326
502327
502328
502329
502332
502333
502335
502337
502338
502341
502345
502347
502348
502351
502352
502353
502354
502356
502357
502359
502360
502361
502362
502363
502364
502365
502369
502370
502372
502373
502374
502375
502376
502377
502378
502379
502380
502381
502385
502401
502402
502407
502408
502409
502412
502415
502417
502418
502419
502424
502425
502427
502429
502431
502432
502433
502436
502438
502442
502443
502446
502447
502449
502450
502452
502453
502455
502458
502459
502464
502465
502466
502467
502468
502469
502471
502473
502474
502475
502476
502477
502478
502479
502481
502482
502484
502493
502495
502497
502507
502510
502523
502525
502527
502531
502536
502542
502552
502561
502579
502582
502586
502594
502596
502597
502600
502612
502615
502619
502621
502625
502634
502637
502651
502652
502653
502657
502658
502663
502668
502671
502675
502690
502696
502701
502702
502705
502707
502711
502713
502714
502715
502716
502723
502728
502730
502741
502744
502746
502750
502751
502759
502762
502773
502777
502779
502781
502784
502786
502787
502788
502789
502791
502796
502803
502818
502822
502826
502833
502852
502859
502882
502884
502890
502894
502902
502939
503008
503010
503013
503016
503017
503022
503040
503047
503049
503052
503088
503173
503175
503176
503177
503179
503182
503183
503184
503185
503188
503189
503190
503193
503196
503198
503201
503202
503204
503206
503207
503209
503212
503213
503214
503215
503218
503219
503221
503222
503224
503229
503230
503233
503234
503235
503237
503246
503247
503256
503268
503274
503279
503283
503284
503290
503292
503294
503300
503310
503316
503322
503323
503325
503326
503327
503329
503333
503334
503335
503338
503342
503376
503379
503413
503421
503448
503451
503460
503461
503463
503469
503470
503471
503485
503486
503489
503490
503493
503495
503506
503508
503512
503514
503517
504334
504571
504575
504578
504579
504580
504584
504586
504589
504591
504593
504595
504596
504597
504601
504604
504609
504611
504615
504617
504623
504625
504638
504639
504640
504641
504645
504646
504647
504648
504650
504651
504652
504654
504657
504658
504659
504663
504665
504668
504670
504671
504672
504674
504675
504676
504682
504684
504685
504687
504696
504701
504705
504706
504710
504711
504713
504714
504715
504716
504719
504722
504725
504726
504727
504731
504735
504737
504741
504745
504746
504747
504749
504751
504752
504757
504759
504760
504763
504765
504766
504767
504768
504770
504775
504778
504779
504782
504784
504785
504789
504791
504792
504794
504795
504796
504797
504800
504801
504802
504806
504807
504808
504809
504810
504811
504812
504813
504814
504815
504817
504820
504826
504827
504829
504834
504835
504837
504839
504840
504843
504845
504846
504847
504849
504852
504854
504864
504870
504871
504885
504886
504892
504893
504895
504897
504899
504901
504903
504906
504909
504910
504913
504919
504926
504930
504933
504937
504942
504948
504950
504951
504953
504963
504966
504967
504972
504975
504976
504979
504992
504993
504994
504995
505003
505011
505012
505014
505020
505022
505027
505029
505032
505034
505037
505043
505045
505048
505052
505056
505065
505071
505072
505073
505077
505078
505080
505084
505086
505087
505088
505090
505097
505105
505112
505114
505119
505120
505128
505129
505131
505134
505139
505141
505147
505149
505164
505167
505168
505169
505179
505182
505185
505186
505189
505204
505205
505210
505218
505222
505225
505226
505230
505231
505232
505235
505244
505246
505248
505254
505257
505263
505269
505277
505279
505280
505283
505285
505293
505306
505307
505309
505314
505317
505319
505320
505322
505329
505335
505337
505338
505342
505346
505349
505355
505357
505360
505371
505375
505376
505379
505382
505386
505387
505388
505390
505393
505399
505400
505401
505402
505404
505405
505406
505409
505410
505411
505412
505418
505424
505428
505432
505558
505572
505573
505577
505595
505598
505688
505693
505748
505756
505758
505790
505793
505805
505807
505813
505819
505887
505908
505916
505925
506024
506025
506041
506044
506045
506051
506098
506103
506113
506117
506132
506151
506153
506155
506177
506184
506185
506189
506304
506310
506318
506323
506324
506335
506336
506337
506338
506343
506350
506355
506360
506364
506499
506506
506521
506522
506567
506569
506572
506881
507075
507185
507198
507276
507372
507415
507418
507431
507460
507461
507463
507468
507472
507481
507527
507556
507624
507715
507717
507718
507721
507724
507725
507726
507728
507729
507733
507734
507735
507738
507739
507742
507744
507746
507747
507749
507752
507753
507754
507760
507762
507763
507765
507766
507771
507773
507779
507781
507782
507789
507790
507791
507794
507795
507798
507803
507806
507807
507808
507810
507812
507813
507814
507815
507816
507817
507822
507823
507824
507825
507828
507829
507830
507831
507832
507835
507838
507841
507845
507847
507850
507851
507852
507853
507854
507859
507862
507863
507870
507873
507875
507876
507877
507879
507880
507881
507883
507884
507885
507886
507887
507888
507889
507890
507894
507896
507899
507900
507903
507909
507910
507913
507916
507918
507919
507921
507922
507924
507957
507996
507997
507998
507999
508001
508002
508004
508007
508015
508016
508018
508019
508020
508026
508027
508029
508031
508035
508037
508041
508042
508043
508049
508051
508053
508064
508072
508078
508083
508086
508089
508090
508092
508095
508099
508100
508101
508102
508103
508104
508105
508106
508107
508108
508109
508110
508111
508112
508114
508115
508116
508119
508121
508129
508131
508134
508135
508136
508137
508138
508143
508144
508145
508147
508149
508150
508151
508152
508161
508165
508168
508169
508176
508179
508185
508188
508190
508193
508194
508195
508198
508199
508201
508202
508203
508207
508220
508235
508236
508241
508259
508295
508309
508311
508314
508316
508318
508319
508322
508324
508328
508330
508332
508335
508345
508348
508351
508352
508355
508357
508358
508359
508361
508366
508367
508369
508371
508373
508374
508375
508376
508377
508378
508379
508382
508385
508386
508391
508395
508396
508400
508404
508409
508410
508415
508420
508421
508423
508424
508426
508428
508429
508433
508437
508438
508439
508440
508441
508444
508445
508446
508448
508451
508454
508455
508456
508457
508458
508462
508464
508467
508468
508469
508473
508475
508477
508480
508483
508493
508497
508504
508508
508513
508518
508524
508527
508532
508538
508539
508547
508549
508556
508561
508563
508564
508566
508569
508573
508576
508578
508583
508587
508589
508591
508592
508594
508595
508596
508598
508599
508600
508602
508604
508606
508607
508608
508610
508612
508614
508617
508618
508619
508620
508621
508624
508626
508631
508632
508633
508637
508638
508639
508642
508643
508644
508645
508646
508648
508649
508652
508653
508655
508656
508659
508660
508663
508668
508670
508672
508680
508683
508688
508689
508690
508692
508693
508694
508697
508700
508704
508705
508706
508711
508713
508714
508715
508719
508721
508725
508727
508728
508732
508734
508746
508748
508755
508756
508757
508761
508764
508773
508776
508781
508786
508787
508789
508791
508796
508799
508800
508801
508803
508805
508806
508808
508810
508811
508813
508814
508822
508827
508834
508835
508836
508838
508843
508844
508848
508852
508853
508856
508858
508861
508863
508866
508869
508870
508871
508873
508874
508876
508879
508880
508882
508886
508888
508889
508892
508895
508897
508902
508903
508905
508909
508910
508913
508916
508918
508922
508923
508924
508926
508927
508930
508933
508935
508936
508940
508942
508943
508946
508948
508955
508959
508962
508965
508966
508970
508972
508977
508983
508988
508989
508991
508992
508999
509002
509003
509005
509007
509010
509011
509012
509013
509017
509021
509030
509032
509033
509038
509039
509045
509046
509048
509050
509052
509057
509059
509060
509061
509062
509070
509085
509091
509099
509102
509104
509106
509109
509112
509113
509114
509123
509124
509126
509128
509131
509138
509142
509143
509148
509152
509160
509161
509163
509166
509167
509171
509176
509181
509182
509185
509187
509188
509189
509191
509192
509193
509197
509200
509207
509236
509238
509239
509241
509242
509251
509252
509253
509254
509260
509263
509274
509288
509301
509317
509330
509343
509346
509350
509364
509381
509382
509394
509397
509402
509403
509408
509437
509484
509488
509491
509492
509496
509503
509508
509509
509510
509511
509522
509523
509524
509527
509534
509553
509583
509591
509593
509594
509599
509600
509602
509606
509607
509608
509616
509619
509622
509624
509632
509638
509662
509672
509673
509679
509682
509694
509695
509698
509699
509701
509705
509710
509711
509712
509720
509721
509726
509728
509734
509738
509740
509746
509748
509750
509754
509756
509760
509761
509764
509768
509769
509770
509771
509772
509774
509777
509779
509786
509789
509791
509796
509804
509810
509818
509819
509824
509825
509831
509832
509833
509849
509852
509855
509858
509861
509866
509867
509868
509876
509880
509881
509889
509893
509896
509902
509904
509905
509907
509912
509916
509917
509920
509923
509926
509927
509928
509930
509931
509933
509938
509940
509942
509944
509949
509954
509955
509957
509958
509959
509960
509961
509962
509964
509966
509973
509974
509976
509980
509984
509985
509986
509990
509992
509993
509996
509997
509999
510001
510004
510006
510009
510010
510012
510026
510027
510030
510032
510033
510034
510037
510039
510042
510044
510045
510050
510052
510061
510064
510065
510066
510069
510071
510072
510092
510095
510102
510105
510114
510123
510129
510132
510133
510134
510135
510136
510137
510142
510145
510146
510147
510148
510149
510150
510151
510153
510156
510158
510159
510160
510165
510166
510169
510175
510176
510178
510185
510188
510195
510197
510198
510199
510201
510204
510208
510209
510210
510212
510213
510214
510215
510216
510217
510219
510221
510223
510226
510228
510231
510232
510235
510237
510239
510240
510243
510248
510251
510252
510253
510254
510256
510258
510260
510262
510263
510267
510268
510269
510273
510278
510279
510281
510287
510292
510293
510294
510298
510301
510303
510307
510308
510315
510316
510322
510323
510329
510332
510335
510339
510340
510342
510345
510347
510351
510352
510357
510358
510359
510362
510366
510367
510368
510369
510370
510373
510376
510377
510379
510380
510381
510382
510384
510385
510386
510387
510389
510391
510393
510395
510396
510397
510398
510399
510401
510402
510403
510408
510409
510411
510412
510413
510414
510415
510416
510417
510418
510420
510421
510422
510424
510425
510427
510429
510430
510431
510433
510435
510436
510438
510442
510444
510445
510447
510450
510451
510452
510455
510456
510457
510459
510460
510461
510463
510469
510471
510472
510474
510475
510476
510477
510479
510481
510485
510486
510488
510490
510491
510493
510496
510500
510502
510503
510504
510508
510509
510510
510511
510513
510514
510519
510520
510521
510522
510523
510526
510527
510528
510529
510530
510531
510533
510535
510536
510538
510540
510541
510542
510547
510549
510551
510552
510557
510559
510561
510563
510564
510567
510571
510572
510573
510574
510575
510578
510579
510582
510585
510590
510591
510593
510607
510610
510613
510617
510621
510627
510633
510634
510636
510640
510641
510643
510646
510648
510649
510662
510664
510667
510669
510671
510679
510680
510682
510683
510685
510686
510687
510689
510700
510701
510704
510705
510708
510711
510713
510714
510715
510718
510720
510721
510724
510725
510726
510728
510730
510731
510732
510733
510737
510740
510742
510743
510744
510745
510746
510750
510752
510753
510754
510757
510763
510765
510767
510769
510770
510771
510772
510774
510775
510776
510782
510783
510784
510787
510788
510789
510790
510791
510792
510795
510796
510798
510799
510800
510803
510804
510805
510806
510807
510808
510809
510811
510812
510813
510814
510815
510816
510818
510819
510820
510822
510823
510825
510828
510829
510830
510831
510832
510833
510834
510835
510836
510837
510838
510839
510840
510841
510843
510844
510845
510846
510848
510849
510850
510851
510853
510854
510855
510859
510862
510864
510865
510866
510867
510868
510870
510871
510872
510873
510875
510876
510877
510878
510879
510880
510882
510883
510886
510888
510889
510890
510891
510892
510894
510895
510896
510897
510899
510901
510902
510903
510904
510906
510908
510909
510912
510913
510915
510916
510917
510919
510922
510923
510924
510925
510926
510928
510930
510931
510932
510933
510935
510937
510938
510940
510942
510943
510945
510946
510947
510948
510949
510950
510951
510952
510953
510954
510955
510957
510959
510960
510961
510962
510963
510964
510966
510967
510968
510970
510971
510972
510973
510975
510976
510977
510979
510980
510981
510982
510983
510984
510985
510986
510987
510988
510989
510990
510992
510997
510998
510999
511003
511004
511007
511008
511009
511013
511014
511015
511017
511019
511020
511021
511023
511024
511025
511027
511028
511029
511030
511032
511033
511034
511036
511038
511040
511041
511042
511043
511045
511046
511047
511048
511049
511050
511051
511054
511056
511057
511061
511062
511063
511066
511067
511068
511069
511071
511073
511074
511075
511078
511079
511080
511083
511085
511087
511089
511090
511091
511092
511093
511094
511096
511099
511100
511101
511103
511104
511108
511110
511121
511122
511124
511127
511131
511132
511133
511136
511137
511138
511139
511143
511144
511145
511148
511149
511151
511153
511155
511156
511157
511159
511161
511163
511165
511168
511169
511170
511171
511172
511174
511178
511181
511188
511196
511224
511227
511236
511237
511242
511249
511258
511264
511265
511266
511267
511269
511270
511271
511272
511273
511274
511275
511277
511278
511284
511295
511296
511298
511301
511315
511327
511328
511330
511349
511354
511359
511365
511368
511369
511370
511371
511378
511380
511384
511387
511391
511393
511396
511401
511405
511406
511407
511408
511410
511418
511421
511429
511435
511440
511443
511444
511446
511448
511450
511455
511457
511458
511462
511465
511467
511468
511469
511470
511474
511476
511477
511478
511479
511483
511485
511486
511488
511493
511497
511498
511500
511501
511507
511508
511517
511519
511520
511522
511523
511524
511526
511527
511529
511532
511534
511536
511537
511539
511540
511541
511542
511551
511553
511554
511560
511562
511563
511566
511569
511572
511573
511576
511584
511588
511589
511590
511592
511596
511597
511602
511603
511604
511605
511606
511607
511608
511610
511614
511624
511626
511628
511630
511633
511635
511640
511642
511643
511645
511653
511654
511656
511661
511662
511666
511674
511677
511678
511680
511686
511687
511690
511691
511693
511696
511702
511706
511708
511709
511715
511722
511723
511725
511728
511730
511735
511741
511742
511745
511747
511749
511750
511751
511753
511761
511768
511769
511775
511776
511777
511778
511782
511789
511793
511795
511798
511802
511808
511810
511812
511814
511815
511816
511817
511818
511821
511822
511827
511828
511832
511833
511838
511840
511854
511859
511862
511864
511880
511882
511885
511886
511888
511892
511896
511898
511899
511900
511902
511905
511912
511915
511917
511919
511925
511926
511946
511947
511948
511949
511950
511955
511959
511961
511963
511966
511968
511975
511979
511982
511989
511991
511999
512003
512004
512006
512008
512010
512011
512013
512017
512018
512020
512021
512024
512036
512042
512045
512046
512051
512059
512061
512062
512065
512066
512067
512068
512071
512079
512083
512084
512087
512088
512089
512090
512091
512094
512099
512101
512103
512104
512105
512111
512112
512116
512117
512118
512119
512123
512124
512126
512128
512130
512131
512133
512136
512138
512139
512142
512143
512146
512147
512149
512152
512155
512156
512157
512160
512162
512163
512164
512166
512170
512174
512175
512176
512180
512182
512184
512185
512188
512189
512191
512193
512195
512199
512201
512202
512204
512206
512207
512210
512212
512217
512218
512219
512221
512222
512223
512224
512225
512227
512228
512233
512234
512235
512236
512238
512239
512240
512243
512244
512246
512248
512250
512251
512252
512253
512254
512257
512260
512265
512267
512268
512270
512272
512273
512276
512277
512278
512279
512281
512284
512286
512288
512289
512292
512293
512296
512297
512301
512302
512303
512304
512307
512309
512311
512313
512314
512317
512320
512321
512323
512328
512329
512330
512332
512339
512344
512346
512347
512353
512355
512356
512358
512359
512360
512363
512364
512369
512372
512374
512376
512378
512381
512383
512384
512386
512393
512394
512396
512398
512399
512400
512401
512403
512407
512408
512409
512410
512412
512413
512420
512422
512423
512424
512428
512430
512431
512432
512433
512434
512435
512437
512438
512439
512440
512442
512444
512445
512448
512451
512452
512455
512456
512461
512464
512465
512468
512472
512475
512480
512481
512484
512485
512488
512489
512491
512492
512493
512498
512499
512501
512502
512503
512504
512507
512511
512512
512513
512516
512517
512519
512522
512523
512525
512527
512529
512530
512531
512532
512535
512537
512542
512545
512546
512548
512549
512550
512553
512555
512556
512561
512563
512566
512567
512568
512580
512581
512582
512584
512586
512588
512589
512590
512592
512593
512595
512596
512597
512598
512600
512601
512604
512605
512606
512609
512610
512612
512616
512617
512618
512620
512622
512623
512630
512631
512636
512639
512640
512641
512647
512650
512651
512652
512653
512655
512657
512659
512660
512661
512662
512666
512667
512668
512669
512671
512672
512674
512675
512676
512680
512682
512685
512686
512687
512688
512689
512690
512691
512692
512695
512697
512698
512701
512703
512708
512710
512712
512715
512716
512717
512718
512719
512722
512723
512724
512726
512727
512728
512729
512732
512733
512734
512737
512738
512739
512740
512741
512742
512743
512745
512747
512748
512750
512756
512757
512759
512768
512771
512774
512775
512779
512781
512782
512783
512790
512792
512793
512794
512798
512800
512801
512803
512804
512805
512809
512810
512815
512816
512819
512820
512824
512825
512826
512830
512832
512834
512839
512840
512843
512844
512847
512848
512850
512853
512857
512859
512860
512861
512864
512865
512868
512869
512871
512873
512876
512879
512880
512882
512883
512885
512886
512887
512888
512892
512893
512894
512895
512896
512898
512900
512901
512903
512904
512905
512906
512908
512909
512910
512911
512912
512914
512920
512922
512926
512928
512929
512930
512931
512932
512934
512935
512936
512938
512939
512940
512944
512945
512946
512947
512948
512949
512950
512951
512952
512954
512955
512956
512957
512960
512963
512964
512965
512966
512970
512971
512973
512974
512977
512978
512979
512984
512985
512986
512988
512990
512992
512993
512994
512995
512997
512998
512999
513001
513008
513015
513023
513026
513028
513031
513034
513035
513036
513037
513040
513044
513047
513048
513051
513054
513055
513058
513063
513067
513069
513070
513071
513075
513076
513077
513078
513080
513081
513082
513086
513088
513090
513091
513094
513098
513099
513101
513103
513104
513105
513130
513134
513139
513145
513183
513273
513276
513277
513278
513279
513281
513288
513289
513292
513294
513302
513303
513307
513314
513315
513320
513327
513328
513330
513331
513338
513345
513347
513351
513366
513371
513372
513373
513376
513378
513382
513386
513387
513393
513394
513395
513396
513397
513398
513402
513403
513404
513405
513407
513413
513414
513421
513423
513424
513425
513427
513432
513434
513435
513437
513438
513439
513440
513441
513442
513443
513444
513445
513447
513451
513455
513456
513457
513458
513460
513461
513463
513464
513467
513468
513470
513471
513472
513473
513475
513476
513478
513479
513480
513481
513482
513484
513486
513487
513489
513496
513501
513502
513503
513505
513506
513508
513510
513514
513517
513518
513519
513520
513522
513527
513528
513530
513531
513532
513535
513539
513540
513542
513547
513549
513551
513553
513555
513557
513559
513561
513564
513565
513566
513567
513570
513571
513572
513573
513574
513575
513578
513579
513581
513583
513585
513586
513587
513588
513589
513590
513591
513592
513593
513595
513597
513599
513601
513604
513605
513606
513608
513610
513612
513614
513616
513618
513619
513621
513622
513627
513628
513629
513630
513632
513633
513635
513636
513637
513640
513647
513649
513651
513652
513658
513659
513673
513674
513681
513686
513687
513692
513696
513699
513700
513702
513708
513710
513711
513714
513720
513722
513725
513727
513728
513729
513731
513739
513741
513743
513744
513745
513747
513750
513752
513754
513756
513764
513769
513772
513773
513774
513777
513779
513783
513786
513788
513791
513793
513799
513800
513802
513803
513804
513807
513809
513811
513813
513815
513819
513820
513822
513823
513824
513835
513837
513838
513839
513840
513847
513848
513850
513851
513852
513853
513854
513855
513859
513862
513863
513869
513871
513872
513873
513878
513890
513895
513897
513902
513903
513905
513910
513911
513915
513926
513936
513938
513939
513944
513961
513966
513971
513974
513975
513977
513980
513985
513990
513992
513995
514009
514011
514016
514023
514026
514032
514033
514035
514037
514039
514040
514041
514042
514048
514049
514050
514053
514058
514061
514063
514066
514069
514075
514080
514083
514090
514091
514092
514098
514099
514100
514102
514110
514114
514119
514120
514125
514126
514127
514128
514135
514147
514149
514153
514158
514159
514163
514164
514167
514168
514170
514176
514177
514184
514194
514199
514203
514210
514213
514229
514243
514246
514247
514252
514253
514255
514256
514265
514266
514267
514269
514272
514278
514279
514287
514291
514296
514298
514305
514307
514309
514311
514312
514313
514318
514326
514330
514332
514335
514344
514356
514371
514390
514402
514410
514412
514413
514416
514421
514428
514434
514437
514438
514440
514441
514442
514444
514448
514449
514450
514451
514456
514457
514462
514466
514467
514471
514472
514473
514474
514475
514478
514480
514489
514491
514495
514497
514498
514499
514500
514501
514503
514505
514511
514522
514524
514532
514533
514534
514536
514538
514539
514542
514543
514544
514547
514557
514564
514566
514572
514575
514585
514587
514588
514594
514595
514596
514598
514599
514601
514604
514605
514606
514609
514610
514614
514615
514619
514622
514623
514625
514633
514635
514636
514642
514643
514644
514646
514647
514648
514649
514650
514651
514652
514653
514654
514657
514659
514661
514662
514663
514664
514665
514666
514667
514668
514670
514671
514673
514674
514675
514678
514681
514682
514683
514684
514686
514687
514688
514691
514692
514695
514696
514697
514699
514701
514704
514705
514706
514710
514711
514713
514718
514719
514722
514723
514724
514725
514726
514728
514730
514731
514736
514740
514741
514742
514745
514746
514749
514755
514756
514757
514758
514759
514760
514761
514762
514764
514767
514769
514770
514771
514774
514776
514777
514782
514786
514791
514797
514801
514802
514803
514806
514816
514821
514829
514832
514834
514835
514838
514840
514842
514844
514850
514855
514860
514863
514868
514870
514873
514875
514876
514879
514880
514884
514886
514889
514891
514896
514897
514918
514923
514925
514926
514933
514934
514938
514941
514950
514951
514956
514968
514974
514975
514984
514990
514993
514994
514997
514998
514999
515004
515009
515011
515012
515018
515022
515023
515028
515034
515035
515038
515046
515050
515052
515053
515055
515063
515064
515065
515066
515067
515069
515070
515071
515072
515073
515074
515078
515079
515080
515082
515083
515096
515101
515103
515109
515112
515119
515120
515125
515127
515128
515129
515134
515135
515141
515142
515144
515145
515147
515149
515150
515152
515160
515161
515163
515164
515165
515166
515167
515169
515170
515172
515179
515184
515186
515188
515189
515190
515193
515194
515199
515202
515203
515205
515206
515211
515213
515216
515217
515220
515224
515227
515228
515256
515283
515301
515302
515303
515304
515308
515309
515310
515312
515315
515316
515317
515318
515319
515321
515322
515330
515333
515334
515335
515345
515347
515348
515352
515354
515356
515357
515359
515360
515363
515366
515367
515369
515370
515419
515420
515421
515422
515424
515427
515428
515430
515431
515435
515439
515440
515446
515455
515459
515465
515468
515492
515493
515495
515503
515507
515511
515513
515514
515517
515519
515520
515529
515530
515534
515539
515540
515543
515544
515557
515558
515561
515583
515628
515634
515636
515637
515640
515642
515649
515654
515655
515670
515678
515680
515687
515689
515696
515697
515705
515707
515712
515715
515716
515717
515723
515725
515726
515729
515731
515734
515736
515738
515739
515741
515744
515745
515746
515747
515748
515750
515754
515758
515761
515767
515768
515769
515770
515773
515775
515776
515786
515813
515814
515837
515840
515850
515854
515855
515856
515862
515867
515868
515870
515875
515878
515931
515943
515963
515967
515970
515974
515983
515987
515989
515991
515994
515995
516000
516004
516007
516008
516019
516138
516141
516145
516152
516168
516169
516182
516192
516194
516197
516265
516278
516287
516289
516299
516316
516319
516726
516852
516876
516885
516890
516894
516896
516898
516899
516900
516902
516903
516906
516907
516910
516912
516915
516925
517037
517038
517049
517070
517074
517077
517078
517082
517085
517088
517109
517152
517158
517159
517162
517165
517177
517188
517190
517196
517218
517294
517311
517315
517326
517328
517329
517334
517342
517363
517364
517368
517369
517370
517378
517382
517386
517388
517390
517392
517393
517395
517397
517398
517402
517403
517404
517410
517413
517415
517416
517417
517418
517421
517422
517423
517428
517430
517432
517434
517437
517456
517460
517461
517464
517465
517468
517488
517496
517497
517498
517503
517504
517506
517507
517510
517516
517517
517519
517521
517524
517531
517540
517545
517547
517552
517555
517562
517565
517570
517574
517578
517579
517580
517581
517582
517583
517585
517587
517588
517590
517592
517595
517596
517598
517599
517600
517601
517603
517604
517605
517606
517610
517612
517616
517617
517620
602636
602663
602666
602698
602965
603420
603423
603764
603770
604197
604198
604199
604200
604201
604202
604203
604204
604206
604207
604208
604209
604210
604212
604213
604214
604215
604216
604217
604218
604219
604220
604221
604223
604224
604225
604228
604229
604230
604231
604264
604273
604279
604287
604289
604294
604298
604300
604303
604304
604305
604306
604309
604314
604322
604326
604333
604336
604347
604355
604359
604360
604366
604369
604652
604653
604655
604656
604657
604658
604659
604661
604662
604663
604666
604669
604670
604672
604675
604676
604677
604678
604679
604680
604681
604682
604683
604684
604690
604696
604697
604700
604701
604703
604707
604708
604710
604711
604712
604713
604715
604716
604719
604721
604722
604723
604724
604725
604726
604730
604731
604732
604733
604735
604737
604738
604740
604741
604742
604743
604744
604745
604748
604752
604755
604757
604758
604759
604760
604764
604765
604766
604798
604803
604804
604808
604818
604819
604820
604834
606711
607297
607791
608202
608349
608381
608451
608494
608512
608520
608547
608569
608584
608585
608621
608637
608671
608687
608704
608708
608753
608791
608800
608803
608804
608806
608813
608816
608817
608818
608828
608832
608892
608903
608911
608971
608972
608973
608977
608979
608980
608983
608987
608991
608996
608998
608999
609002
609003
609005
609008
609010
609013
609017
609018
609020
609022
609025
609030
609031
609032
609040
609076
609079
609082
609084
609086
609087
609090
609092
609119
609141
609142
609143
609151
609166
609181
609189
609190
609203
609206
609210
609212
609213
609214
609217
609218
609222
609230
609232
609233
609234
609236
609237
609238
609240
609243
609250
609251
609257
609258
609260
609261
609265
609266
609267
609268
609271
609275
609277
609278
609281
609283
609284
609285
609286
609287
609288
609289
609291
609292
609296
609298
609299
609301
609302
609303
609304
609310
609311
609312
609313
609315
609316
609317
609318
609322
609327
609329
609335
609336
609338
609339
609340
609341
609344
609345
609348
609350
609351
609361
609364
609365
609367
609373
609376
609392
609394
609397
609424
609427
609433
609440
609442
609443
609445
609446
609447
609448
609449
609451
609452
609454
609455
609456
609457
609459
609460
609461
609464
609465
609466
609469
609473
609478
609479
609481
609482
609483
609485
609486
609487
609489
609490
609491
609492
609495
609497
609498
609500
609501
609502
609504
609505
609506
609507
609512
609513
609514
609516
609517
609518
609519
609520
609521
609522
609524
609525
609526
609528
609530
609536
609541
609568
609570
609572
609574
609576
609578
609579
609581
609582
609585
609586
609587
609589
609592
609593
609597
609603
609605
609610
609622
609623
609628
609630
609633
609637
609651
609683
609697
609704
609754
609760
609771
609775
609789
609886
609887
609888
609891
609893
609894
609899
609901
609906
609907
609909
609913
609914
609915
609916
609917
609921
609922
609923
609925
609931
609936
609937
609948
609949
609952
609953
609955
609956
609960
609964
609965
609967
609968
609969
609973
609975
609976
609979
609983
609985
609987
609989
609993
609994
609996
609998
610000
610001
610004
610005
610007
610009
610013
610014
610019
610020
610022
610023
610024
610025
610026
610029
610030
610032
610033
610034
610035
610037
610038
610040
610043
610080
610082
610083
610084
610085
610086
610087
610090
610091
610093
610095
610097
610098
610099
610100
610101
610104
610105
610106
610110
610112
610114
610185
610186
610188
610190
610198
610199
610200
610202
610204
610209
610211
610213
610214
610219
610261
610264
610265
610270
610273
610274
610278
610290
610291
610294
610298
610299
610302
610303
610310
610311
610314
610315
610316
610317
610320
610321
610324
610325
610326
610328
610331
610333
610334
610336
610338
610344
610347
610421
610427
610475
610478
610486
610490
610492
610497
610500
610507
610516
610517
